{
 "cells": [
  {
   "cell_type": "code",
   "execution_count": 1,
   "metadata": {},
   "outputs": [],
   "source": [
    "import pandas as pd\n",
    "import matplotlib.pyplot as plt\n",
    "import numpy as np\n",
    "\n",
    "from sklearn.preprocessing import scale\n",
    "from sklearn.cluster import AgglomerativeClustering, KMeans\n",
    "from scipy.cluster import hierarchy\n",
    "\n",
    "from scipy.stats import f\n",
    "from scipy.spatial.distance import mahalanobis\n",
    "from sklearn.discriminant_analysis import LinearDiscriminantAnalysis\n",
    "\n",
    "%matplotlib inline \n",
    "# авто вывод графиков (отпадает необходимость писать plt.show())"
   ]
  },
  {
   "cell_type": "code",
   "execution_count": 2,
   "metadata": {},
   "outputs": [
    {
     "name": "stdout",
     "output_type": "stream",
     "text": [
      "{1: [5, 9, 12, 15, 20, 24, 26, 34], 2: [42, 44], 3: [2, 5, 11, 22, 25, 29, 31, 35]}\n"
     ]
    }
   ],
   "source": [
    "FEATURES = [\"x1\", \"x2\", \"x3\", \"x4\", \"x5\"] \n",
    "\n",
    "TRAIN_SAMPLES = {\n",
    "    1 : [5,9,12,15,20,24,26,34],\n",
    "    2 : [42, 44],\n",
    "    3 : [2,5,11,22,25,29,31,35],\n",
    "}\n",
    "print(TRAIN_SAMPLES)"
   ]
  },
  {
   "cell_type": "code",
   "execution_count": 3,
   "metadata": {},
   "outputs": [
    {
     "data": {
      "text/html": [
       "<div>\n",
       "<style scoped>\n",
       "    .dataframe tbody tr th:only-of-type {\n",
       "        vertical-align: middle;\n",
       "    }\n",
       "\n",
       "    .dataframe tbody tr th {\n",
       "        vertical-align: top;\n",
       "    }\n",
       "\n",
       "    .dataframe thead th {\n",
       "        text-align: right;\n",
       "    }\n",
       "</style>\n",
       "<table border=\"1\" class=\"dataframe\">\n",
       "  <thead>\n",
       "    <tr style=\"text-align: right;\">\n",
       "      <th></th>\n",
       "      <th>x1</th>\n",
       "      <th>x2</th>\n",
       "      <th>x3</th>\n",
       "      <th>x4</th>\n",
       "      <th>x5</th>\n",
       "      <th>x6</th>\n",
       "    </tr>\n",
       "  </thead>\n",
       "  <tbody>\n",
       "    <tr>\n",
       "      <th>1</th>\n",
       "      <td>20.8</td>\n",
       "      <td>58.5</td>\n",
       "      <td>69</td>\n",
       "      <td>15626</td>\n",
       "      <td>0.1</td>\n",
       "      <td>NaN</td>\n",
       "    </tr>\n",
       "    <tr>\n",
       "      <th>2</th>\n",
       "      <td>12.4</td>\n",
       "      <td>93.0</td>\n",
       "      <td>180</td>\n",
       "      <td>23410</td>\n",
       "      <td>1.4</td>\n",
       "      <td>3.0</td>\n",
       "    </tr>\n",
       "    <tr>\n",
       "      <th>3</th>\n",
       "      <td>11.9</td>\n",
       "      <td>39.8</td>\n",
       "      <td>224</td>\n",
       "      <td>9855</td>\n",
       "      <td>0.7</td>\n",
       "      <td>NaN</td>\n",
       "    </tr>\n",
       "    <tr>\n",
       "      <th>4</th>\n",
       "      <td>13.6</td>\n",
       "      <td>55.0</td>\n",
       "      <td>116</td>\n",
       "      <td>4881</td>\n",
       "      <td>0.2</td>\n",
       "      <td>3.0</td>\n",
       "    </tr>\n",
       "    <tr>\n",
       "      <th>5</th>\n",
       "      <td>17.2</td>\n",
       "      <td>63.5</td>\n",
       "      <td>172</td>\n",
       "      <td>15466</td>\n",
       "      <td>5.3</td>\n",
       "      <td>1.0</td>\n",
       "    </tr>\n",
       "  </tbody>\n",
       "</table>\n",
       "</div>"
      ],
      "text/plain": [
       "     x1    x2   x3     x4   x5   x6\n",
       "1  20.8  58.5   69  15626  0.1  NaN\n",
       "2  12.4  93.0  180  23410  1.4  3.0\n",
       "3  11.9  39.8  224   9855  0.7  NaN\n",
       "4  13.6  55.0  116   4881  0.2  3.0\n",
       "5  17.2  63.5  172  15466  5.3  1.0"
      ]
     },
     "execution_count": 3,
     "metadata": {},
     "output_type": "execute_result"
    }
   ],
   "source": [
    "data = pd.read_excel(\"C:\\Games\\Ekonometrika\\data_for_lab2_part2_1.xlsx\")\n",
    "data.head()"
   ]
  },
  {
   "cell_type": "code",
   "execution_count": 4,
   "metadata": {},
   "outputs": [
    {
     "data": {
      "text/html": [
       "<div>\n",
       "<style scoped>\n",
       "    .dataframe tbody tr th:only-of-type {\n",
       "        vertical-align: middle;\n",
       "    }\n",
       "\n",
       "    .dataframe tbody tr th {\n",
       "        vertical-align: top;\n",
       "    }\n",
       "\n",
       "    .dataframe thead th {\n",
       "        text-align: right;\n",
       "    }\n",
       "</style>\n",
       "<table border=\"1\" class=\"dataframe\">\n",
       "  <thead>\n",
       "    <tr style=\"text-align: right;\">\n",
       "      <th></th>\n",
       "      <th>x1</th>\n",
       "      <th>x2</th>\n",
       "      <th>x3</th>\n",
       "      <th>x4</th>\n",
       "      <th>x5</th>\n",
       "      <th>Class</th>\n",
       "    </tr>\n",
       "  </thead>\n",
       "  <tbody>\n",
       "    <tr>\n",
       "      <th>2</th>\n",
       "      <td>12.4</td>\n",
       "      <td>93.0</td>\n",
       "      <td>180</td>\n",
       "      <td>23410</td>\n",
       "      <td>1.4</td>\n",
       "      <td>3.0</td>\n",
       "    </tr>\n",
       "    <tr>\n",
       "      <th>4</th>\n",
       "      <td>13.6</td>\n",
       "      <td>55.0</td>\n",
       "      <td>116</td>\n",
       "      <td>4881</td>\n",
       "      <td>0.2</td>\n",
       "      <td>3.0</td>\n",
       "    </tr>\n",
       "    <tr>\n",
       "      <th>5</th>\n",
       "      <td>17.2</td>\n",
       "      <td>63.5</td>\n",
       "      <td>172</td>\n",
       "      <td>15466</td>\n",
       "      <td>5.3</td>\n",
       "      <td>1.0</td>\n",
       "    </tr>\n",
       "    <tr>\n",
       "      <th>9</th>\n",
       "      <td>17.7</td>\n",
       "      <td>75.3</td>\n",
       "      <td>77</td>\n",
       "      <td>28919</td>\n",
       "      <td>0.2</td>\n",
       "      <td>1.0</td>\n",
       "    </tr>\n",
       "    <tr>\n",
       "      <th>11</th>\n",
       "      <td>11.7</td>\n",
       "      <td>51.4</td>\n",
       "      <td>69</td>\n",
       "      <td>7589</td>\n",
       "      <td>7.9</td>\n",
       "      <td>3.0</td>\n",
       "    </tr>\n",
       "  </tbody>\n",
       "</table>\n",
       "</div>"
      ],
      "text/plain": [
       "      x1    x2   x3     x4   x5  Class\n",
       "2   12.4  93.0  180  23410  1.4    3.0\n",
       "4   13.6  55.0  116   4881  0.2    3.0\n",
       "5   17.2  63.5  172  15466  5.3    1.0\n",
       "9   17.7  75.3   77  28919  0.2    1.0\n",
       "11  11.7  51.4   69   7589  7.9    3.0"
      ]
     },
     "execution_count": 4,
     "metadata": {},
     "output_type": "execute_result"
    }
   ],
   "source": [
    "def gen_train_data(data, features, train_samples=None):\n",
    "    if train_samples:\n",
    "        print('lol')\n",
    "    else:\n",
    "        #assert data.shape[1] == len(features) + 1\n",
    "        train_data = data.dropna()\n",
    "        cls_col = train_data.drop(columns=features).columns[0]\n",
    "        train_data = train_data.rename({cls_col: \"Class\"}, axis=1)\n",
    "    #train_data = train_data.astype({\"Class\": 'int32'}) \n",
    "    return train_data\n",
    "        \n",
    "train_data = gen_train_data(data, FEATURES)\n",
    "train_data.head()"
   ]
  },
  {
   "cell_type": "code",
   "execution_count": 5,
   "metadata": {
    "scrolled": true
   },
   "outputs": [
    {
     "name": "stdout",
     "output_type": "stream",
     "text": [
      "2     3.0\n",
      "4     3.0\n",
      "5     1.0\n",
      "9     1.0\n",
      "11    3.0\n",
      "12    1.0\n",
      "15    1.0\n",
      "20    1.0\n",
      "22    3.0\n",
      "24    1.0\n",
      "25    3.0\n",
      "26    1.0\n",
      "29    3.0\n",
      "31    3.0\n",
      "34    1.0\n",
      "35    3.0\n",
      "42    2.0\n",
      "44    2.0\n",
      "Name: Class, dtype: float64\n",
      "[[0. 0. 0. 0. 0.]\n",
      " [0. 0. 0. 0. 0.]\n",
      " [0. 0. 0. 0. 0.]\n",
      " [0. 0. 0. 0. 0.]\n",
      " [0. 0. 0. 0. 0.]]\n",
      "        x1    x2      x3        x4       x5\n",
      "2  -0.6875  17.9  64.125   7491.75  -3.3125\n",
      "4   0.5125 -20.1   0.125 -11037.25  -4.5125\n",
      "11 -1.3875 -23.7 -46.875  -8329.25   3.1875\n",
      "22 -1.2875  22.3  80.125    108.75  12.3875\n",
      "25  0.6125  11.8  -8.875  18516.75  -2.2125\n",
      "29  1.5125 -17.2 -22.875 -11455.25  -4.7125\n",
      "31 -0.5875  -3.3 -11.875   4158.75   2.8875\n",
      "35  1.3125  12.3 -53.875    545.75  -3.7125\n",
      "[[0. 0. 0. 0. 0.]\n",
      " [0. 0. 0. 0. 0.]\n",
      " [0. 0. 0. 0. 0.]\n",
      " [0. 0. 0. 0. 0.]\n",
      " [0. 0. 0. 0. 0.]]\n",
      "help1             2\n",
      "x1    -0.6875\n",
      "x2    17.9000\n",
      "x3    64.1250\n",
      "x4  7491.7500\n",
      "x5    -3.3125\n",
      "help2              x1            x2             x3            x4            x5\n",
      "x1     0.472656     -12.30625     -44.085938 -5.150578e+03      2.277344\n",
      "x2   -12.306250     320.41000    1147.837500  1.341023e+05    -59.293750\n",
      "x3   -44.085938    1147.83750    4112.015625  4.804085e+05   -212.414063\n",
      "x4 -5150.578125  134102.32500  480408.468750  5.612632e+07 -24816.421875\n",
      "x5     2.277344     -59.29375    -212.414063 -2.481642e+04     10.972656\n",
      "help1              4\n",
      "x1      0.5125\n",
      "x2    -20.1000\n",
      "x3      0.1250\n",
      "x4 -11037.2500\n",
      "x5     -4.5125\n",
      "help2              x1            x2           x3            x4            x5\n",
      "x1     0.262656     -10.30125     0.064062 -5.656591e+03     -2.312656\n",
      "x2   -10.301250     404.01000    -2.512500  2.218487e+05     90.701250\n",
      "x3     0.064062      -2.51250     0.015625 -1.379656e+03     -0.564063\n",
      "x4 -5656.590625  221848.72500 -1379.656250  1.218209e+08  49805.590625\n",
      "x5    -2.312656      90.70125    -0.564063  4.980559e+04     20.362656\n",
      "help1            11\n",
      "x1    -1.3875\n",
      "x2   -23.7000\n",
      "x3   -46.8750\n",
      "x4 -8329.2500\n",
      "x5     3.1875\n",
      "help2               x1            x2             x3            x4            x5\n",
      "x1      1.925156      32.88375      65.039063  1.155683e+04     -4.422656\n",
      "x2     32.883750     561.69000    1110.937500  1.974032e+05    -75.543750\n",
      "x3     65.039063    1110.93750    2197.265625  3.904336e+05   -149.414062\n",
      "x4  11556.834375  197403.22500  390433.593750  6.937641e+07 -26549.484375\n",
      "x5     -4.422656     -75.54375    -149.414062 -2.654948e+04     10.160156\n",
      "help1           22\n",
      "x1   -1.2875\n",
      "x2   22.3000\n",
      "x3   80.1250\n",
      "x4  108.7500\n",
      "x5   12.3875\n",
      "help2             x1          x2           x3            x4           x5\n",
      "x1    1.657656   -28.71125  -103.160937   -140.015625   -15.948906\n",
      "x2  -28.711250   497.29000  1786.787500   2425.125000   276.241250\n",
      "x3 -103.160937  1786.78750  6420.015625   8713.593750   992.548438\n",
      "x4 -140.015625  2425.12500  8713.593750  11826.562500  1347.140625\n",
      "x5  -15.948906   276.24125   992.548438   1347.140625   153.450156\n",
      "help1             25\n",
      "x1      0.6125\n",
      "x2     11.8000\n",
      "x3     -8.8750\n",
      "x4  18516.7500\n",
      "x5     -2.2125\n",
      "help2               x1           x2             x3            x4            x5\n",
      "x1      0.375156       7.2275      -5.435937  1.134151e+04     -1.355156\n",
      "x2      7.227500     139.2400    -104.725000  2.184977e+05    -26.107500\n",
      "x3     -5.435937    -104.7250      78.765625 -1.643362e+05     19.635938\n",
      "x4  11341.509375  218497.6500 -164336.156250  3.428700e+08 -40968.309375\n",
      "x5     -1.355156     -26.1075      19.635938 -4.096831e+04      4.895156\n",
      "help1             29\n",
      "x1      1.5125\n",
      "x2    -17.2000\n",
      "x3    -22.8750\n",
      "x4 -11455.2500\n",
      "x5     -4.7125\n",
      "help2               x1          x2             x3            x4            x5\n",
      "x1      2.287656     -26.015     -34.598437 -1.732607e+04     -7.127656\n",
      "x2    -26.015000     295.840     393.450000  1.970303e+05     81.055000\n",
      "x3    -34.598437     393.450     523.265625  2.620388e+05    107.798438\n",
      "x4 -17326.065625  197030.300  262038.843750  1.312228e+08  53982.865625\n",
      "x5     -7.127656      81.055     107.798438  5.398287e+04     22.207656\n",
      "help1            31\n",
      "x1    -0.5875\n",
      "x2    -3.3000\n",
      "x3   -11.8750\n",
      "x4  4158.7500\n",
      "x5     2.8875\n",
      "help2              x1           x2            x3            x4            x5\n",
      "x1     0.345156      1.93875      6.976563 -2.443266e+03     -1.696406\n",
      "x2     1.938750     10.89000     39.187500 -1.372387e+04     -9.528750\n",
      "x3     6.976563     39.18750    141.015625 -4.938516e+04    -34.289062\n",
      "x4 -2443.265625 -13723.87500 -49385.156250  1.729520e+07  12008.390625\n",
      "x5    -1.696406     -9.52875    -34.289062  1.200839e+04      8.337656\n",
      "help1           35\n",
      "x1    1.3125\n",
      "x2   12.3000\n",
      "x3  -53.8750\n",
      "x4  545.7500\n",
      "x5   -3.7125\n",
      "help2             x1          x2            x3             x4           x5\n",
      "x1    1.722656    16.14375    -70.710938     716.296875    -4.872656\n",
      "x2   16.143750   151.29000   -662.662500    6712.725000   -45.663750\n",
      "x3  -70.710938  -662.66250   2902.515625  -29402.281250   200.010938\n",
      "x4  716.296875  6712.72500 -29402.281250  297843.062500 -2026.096875\n",
      "x5   -4.872656   -45.66375    200.010938   -2026.096875    13.782656\n",
      "[[ 9.04875000e+00 -1.91400000e+01 -1.85912500e+02 -7.10187500e+03\n",
      "  -3.54587500e+01]\n",
      " [-1.91400000e+01  2.38066000e+03  3.70830000e+03  9.64296200e+05\n",
      "   2.31860000e+02]\n",
      " [-1.85912500e+02  3.70830000e+03  1.63748750e+04  8.97091250e+05\n",
      "   9.23312500e+02]\n",
      " [-7.10187500e+03  9.64296200e+05  8.97091250e+05  7.39021266e+08\n",
      "   2.27836750e+04]\n",
      " [-3.54587500e+01  2.31860000e+02  9.23312500e+02  2.27836750e+04\n",
      "   2.44168750e+02]]\n",
      "      x1     x2    x3       x4      x5\n",
      "5   0.75  -7.05  36.0  -1355.5  0.6125\n",
      "9   1.25   4.75 -59.0  12097.5 -4.4875\n",
      "12 -0.55  10.05  51.0  -3204.5 -4.6875\n",
      "15 -0.55 -17.35 -31.0    520.5  1.1125\n",
      "20 -1.15   2.75   1.0   -916.5 -0.3875\n",
      "24  1.05  -6.15  70.0  -5990.5  6.3125\n",
      "26 -0.55  17.85 -61.0    916.5  2.9125\n",
      "34 -0.25  -4.85  -7.0  -2067.5 -1.3875\n",
      "[[0. 0. 0. 0. 0.]\n",
      " [0. 0. 0. 0. 0.]\n",
      " [0. 0. 0. 0. 0.]\n",
      " [0. 0. 0. 0. 0.]\n",
      " [0. 0. 0. 0. 0.]]\n",
      "help1             5\n",
      "x1     0.7500\n",
      "x2    -7.0500\n",
      "x3    36.0000\n",
      "x4 -1355.5000\n",
      "x5     0.6125\n",
      "help2              x1           x2        x3            x4          x5\n",
      "x1     0.562500    -5.287500     27.00 -1.016625e+03    0.459375\n",
      "x2    -5.287500    49.702500   -253.80  9.556275e+03   -4.318125\n",
      "x3    27.000000  -253.800000   1296.00 -4.879800e+04   22.050000\n",
      "x4 -1016.625000  9556.275000 -48798.00  1.837380e+06 -830.243750\n",
      "x5     0.459375    -4.318125     22.05 -8.302437e+02    0.375156\n",
      "help1              9\n",
      "x1      1.2500\n",
      "x2      4.7500\n",
      "x3    -59.0000\n",
      "x4  12097.5000\n",
      "x5     -4.4875\n",
      "help2               x1            x2           x3            x4            x5\n",
      "x1      1.562500      5.937500     -73.7500  1.512188e+04     -5.609375\n",
      "x2      5.937500     22.562500    -280.2500  5.746312e+04    -21.315625\n",
      "x3    -73.750000   -280.250000    3481.0000 -7.137525e+05    264.762500\n",
      "x4  15121.875000  57463.125000 -713752.5000  1.463495e+08 -54287.531250\n",
      "x5     -5.609375    -21.315625     264.7625 -5.428753e+04     20.137656\n",
      "help1            12\n",
      "x1    -0.5500\n",
      "x2    10.0500\n",
      "x3    51.0000\n",
      "x4 -3204.5000\n",
      "x5    -4.6875\n",
      "help2              x1            x2           x3            x4            x5\n",
      "x1     0.302500     -5.527500     -28.0500  1.762475e+03      2.578125\n",
      "x2    -5.527500    101.002500     512.5500 -3.220522e+04    -47.109375\n",
      "x3   -28.050000    512.550000    2601.0000 -1.634295e+05   -239.062500\n",
      "x4  1762.475000 -32205.225000 -163429.5000  1.026882e+07  15021.093750\n",
      "x5     2.578125    -47.109375    -239.0625  1.502109e+04     21.972656\n",
      "help1           15\n",
      "x1   -0.5500\n",
      "x2  -17.3500\n",
      "x3  -31.0000\n",
      "x4  520.5000\n",
      "x5    1.1125\n",
      "help2             x1           x2          x3            x4          x5\n",
      "x1    0.302500     9.542500     17.0500    -286.27500   -0.611875\n",
      "x2    9.542500   301.022500    537.8500   -9030.67500  -19.301875\n",
      "x3   17.050000   537.850000    961.0000  -16135.50000  -34.487500\n",
      "x4 -286.275000 -9030.675000 -16135.5000  270920.25000  579.056250\n",
      "x5   -0.611875   -19.301875    -34.4875     579.05625    1.237656\n",
      "help1           20\n",
      "x1   -1.1500\n",
      "x2    2.7500\n",
      "x3    1.0000\n",
      "x4 -916.5000\n",
      "x5   -0.3875\n",
      "help2              x1           x2        x3            x4          x5\n",
      "x1     1.322500    -3.162500   -1.1500    1053.97500    0.445625\n",
      "x2    -3.162500     7.562500    2.7500   -2520.37500   -1.065625\n",
      "x3    -1.150000     2.750000    1.0000    -916.50000   -0.387500\n",
      "x4  1053.975000 -2520.375000 -916.5000  839972.25000  355.143750\n",
      "x5     0.445625    -1.065625   -0.3875     355.14375    0.150156\n",
      "help1            24\n",
      "x1     1.0500\n",
      "x2    -6.1500\n",
      "x3    70.0000\n",
      "x4 -5990.5000\n",
      "x5     6.3125\n",
      "help2              x1            x2          x3            x4            x5\n",
      "x1     1.102500     -6.457500      73.500 -6.290025e+03      6.628125\n",
      "x2    -6.457500     37.822500    -430.500  3.684158e+04    -38.821875\n",
      "x3    73.500000   -430.500000    4900.000 -4.193350e+05    441.875000\n",
      "x4 -6290.025000  36841.575000 -419335.000  3.588609e+07 -37815.031250\n",
      "x5     6.628125    -38.821875     441.875 -3.781503e+04     39.847656\n",
      "help1           26\n",
      "x1   -0.5500\n",
      "x2   17.8500\n",
      "x3  -61.0000\n",
      "x4  916.5000\n",
      "x5    2.9125\n",
      "help2             x1            x2          x3            x4           x5\n",
      "x1    0.302500     -9.817500     33.5500    -504.07500    -1.601875\n",
      "x2   -9.817500    318.622500  -1088.8500   16359.52500    51.988125\n",
      "x3   33.550000  -1088.850000   3721.0000  -55906.50000  -177.662500\n",
      "x4 -504.075000  16359.525000 -55906.5000  839972.25000  2669.306250\n",
      "x5   -1.601875     51.988125   -177.6625    2669.30625     8.482656\n",
      "help1            34\n",
      "x1    -0.2500\n",
      "x2    -4.8500\n",
      "x3    -7.0000\n",
      "x4 -2067.5000\n",
      "x5    -1.3875\n",
      "help2             x1            x2          x3            x4           x5\n",
      "x1    0.062500      1.212500      1.7500  5.168750e+02     0.346875\n",
      "x2    1.212500     23.522500     33.9500  1.002738e+04     6.729375\n",
      "x3    1.750000     33.950000     49.0000  1.447250e+04     9.712500\n",
      "x4  516.875000  10027.375000  14472.5000  4.274556e+06  2868.656250\n",
      "x5    0.346875      6.729375      9.7125  2.868656e+03     1.925156\n",
      "[[ 5.52000000e+00 -1.35600000e+01  4.99000000e+01  1.03582000e+04\n",
      "   2.63500000e+00]\n",
      " [-1.35600000e+01  8.61820000e+02 -9.66300000e+02  8.64916000e+04\n",
      "  -7.32150000e+01]\n",
      " [ 4.99000000e+01 -9.66300000e+02  1.70100000e+04 -1.40380100e+06\n",
      "   2.86800000e+02]\n",
      " [ 1.03582000e+04  8.64916000e+04 -1.40380100e+06  2.00567218e+08\n",
      "  -7.14395500e+04]\n",
      " [ 2.63500000e+00 -7.32150000e+01  2.86800000e+02 -7.14395500e+04\n",
      "   9.41287500e+01]]\n",
      "     x1    x2     x3       x4    x5\n",
      "42 -0.1  9.45 -377.5  41894.5 -34.3\n",
      "44  0.1 -9.45  377.5 -41894.5  34.3\n",
      "[[0. 0. 0. 0. 0.]\n",
      " [0. 0. 0. 0. 0.]\n",
      " [0. 0. 0. 0. 0.]\n",
      " [0. 0. 0. 0. 0.]\n",
      " [0. 0. 0. 0. 0.]]\n",
      "help1           42\n",
      "x1     -0.10\n",
      "x2      9.45\n",
      "x3   -377.50\n",
      "x4  41894.50\n",
      "x5    -34.30\n",
      "help2           x1           x2            x3            x4           x5\n",
      "x1     0.010      -0.9450  3.775000e+01 -4.189450e+03        3.430\n",
      "x2    -0.945      89.3025 -3.567375e+03  3.959030e+05     -324.135\n",
      "x3    37.750   -3567.3750  1.425062e+05 -1.581517e+07    12948.250\n",
      "x4 -4189.450  395903.0250 -1.581517e+07  1.755149e+09 -1436981.350\n",
      "x5     3.430    -324.1350  1.294825e+04 -1.436981e+06     1176.490\n",
      "help1           44\n",
      "x1      0.10\n",
      "x2     -9.45\n",
      "x3    377.50\n",
      "x4 -41894.50\n",
      "x5     34.30\n",
      "help2           x1           x2            x3            x4           x5\n",
      "x1     0.010      -0.9450  3.775000e+01 -4.189450e+03        3.430\n",
      "x2    -0.945      89.3025 -3.567375e+03  3.959030e+05     -324.135\n",
      "x3    37.750   -3567.3750  1.425062e+05 -1.581517e+07    12948.250\n",
      "x4 -4189.450  395903.0250 -1.581517e+07  1.755149e+09 -1436981.350\n",
      "x5     3.430    -324.1350  1.294825e+04 -1.436981e+06     1176.490\n",
      "[[ 2.00000000e-02 -1.89000000e+00  7.55000000e+01 -8.37890000e+03\n",
      "   6.86000000e+00]\n",
      " [-1.89000000e+00  1.78605000e+02 -7.13475000e+03  7.91806050e+05\n",
      "  -6.48270000e+02]\n",
      " [ 7.55000000e+01 -7.13475000e+03  2.85012500e+05 -3.16303475e+07\n",
      "   2.58965000e+04]\n",
      " [-8.37890000e+03  7.91806050e+05 -3.16303475e+07  3.51029826e+09\n",
      "  -2.87396270e+06]\n",
      " [ 6.86000000e+00 -6.48270000e+02  2.58965000e+04 -2.87396270e+06\n",
      "   2.35298000e+03]]\n",
      "333 [[ 1.45887500e+01 -3.45900000e+01 -6.05125000e+01 -5.12257500e+03\n",
      "  -2.59637500e+01]\n",
      " [-3.45900000e+01  3.42108500e+03 -4.39275000e+03  1.84259385e+06\n",
      "  -4.89625000e+02]\n",
      " [-6.05125000e+01 -4.39275000e+03  3.18397375e+05 -3.21370572e+07\n",
      "   2.71066125e+04]\n",
      " [-5.12257500e+03  1.84259385e+06 -3.21370572e+07  4.44988674e+09\n",
      "  -2.92261858e+06]\n",
      " [-2.59637500e+01 -4.89625000e+02  2.71066125e+04 -2.92261858e+06\n",
      "   2.69127750e+03]]\n"
     ]
    }
   ],
   "source": [
    "def scatter_matrix(samples):\n",
    "    d = samples - samples.mean()\n",
    "    print(d)\n",
    "    res = np.zeros((d.shape[1], d.shape[1]))\n",
    "    print(res)\n",
    "    for _, row in d.iterrows():\n",
    "        col = row.to_frame()\n",
    "        print('help1',col)\n",
    "        print('help2',col @ col.T)\n",
    "        res += col @ col.T\n",
    "    print(res)\n",
    "    return res\n",
    "\n",
    "def classes_scatter_matrix(samples, labels):\n",
    "    A = np.zeros((samples.shape[1], samples.shape[1])) #создаем массив с нулями\n",
    "    print(A)\n",
    "    for cls in labels.unique(): #находит уникальные значения\n",
    "        A += scatter_matrix(samples[labels == cls])\n",
    "    return A\n",
    "\n",
    "print(train_data.Class)\n",
    "print('333',classes_scatter_matrix(train_data[FEATURES],train_data.Class))"
   ]
  },
  {
   "cell_type": "code",
   "execution_count": 6,
   "metadata": {
    "scrolled": true
   },
   "outputs": [
    {
     "name": "stdout",
     "output_type": "stream",
     "text": [
      "   int  float\n",
      "0    1    1.5\n",
      "int      1.0\n",
      "float    1.5\n",
      "Name: 0, dtype: float64\n"
     ]
    }
   ],
   "source": [
    "testdf = pd.DataFrame([[1, 1.5]], columns=['int', 'float'])\n",
    "row = next(testdf.iterrows())[1]\n",
    "print(testdf)\n",
    "print(row)"
   ]
  },
  {
   "cell_type": "code",
   "execution_count": 17,
   "metadata": {},
   "outputs": [
    {
     "name": "stdout",
     "output_type": "stream",
     "text": [
      "[[0. 0. 0. 0. 0.]\n",
      " [0. 0. 0. 0. 0.]\n",
      " [0. 0. 0. 0. 0.]\n",
      " [0. 0. 0. 0. 0.]\n",
      " [0. 0. 0. 0. 0.]]\n",
      "        x1    x2      x3        x4       x5\n",
      "2  -0.6875  17.9  64.125   7491.75  -3.3125\n",
      "4   0.5125 -20.1   0.125 -11037.25  -4.5125\n",
      "11 -1.3875 -23.7 -46.875  -8329.25   3.1875\n",
      "22 -1.2875  22.3  80.125    108.75  12.3875\n",
      "25  0.6125  11.8  -8.875  18516.75  -2.2125\n",
      "29  1.5125 -17.2 -22.875 -11455.25  -4.7125\n",
      "31 -0.5875  -3.3 -11.875   4158.75   2.8875\n",
      "35  1.3125  12.3 -53.875    545.75  -3.7125\n",
      "[[0. 0. 0. 0. 0.]\n",
      " [0. 0. 0. 0. 0.]\n",
      " [0. 0. 0. 0. 0.]\n",
      " [0. 0. 0. 0. 0.]\n",
      " [0. 0. 0. 0. 0.]]\n",
      "help1             2\n",
      "x1    -0.6875\n",
      "x2    17.9000\n",
      "x3    64.1250\n",
      "x4  7491.7500\n",
      "x5    -3.3125\n",
      "help2              x1            x2             x3            x4            x5\n",
      "x1     0.472656     -12.30625     -44.085938 -5.150578e+03      2.277344\n",
      "x2   -12.306250     320.41000    1147.837500  1.341023e+05    -59.293750\n",
      "x3   -44.085938    1147.83750    4112.015625  4.804085e+05   -212.414063\n",
      "x4 -5150.578125  134102.32500  480408.468750  5.612632e+07 -24816.421875\n",
      "x5     2.277344     -59.29375    -212.414063 -2.481642e+04     10.972656\n",
      "help1              4\n",
      "x1      0.5125\n",
      "x2    -20.1000\n",
      "x3      0.1250\n",
      "x4 -11037.2500\n",
      "x5     -4.5125\n",
      "help2              x1            x2           x3            x4            x5\n",
      "x1     0.262656     -10.30125     0.064062 -5.656591e+03     -2.312656\n",
      "x2   -10.301250     404.01000    -2.512500  2.218487e+05     90.701250\n",
      "x3     0.064062      -2.51250     0.015625 -1.379656e+03     -0.564063\n",
      "x4 -5656.590625  221848.72500 -1379.656250  1.218209e+08  49805.590625\n",
      "x5    -2.312656      90.70125    -0.564063  4.980559e+04     20.362656\n",
      "help1            11\n",
      "x1    -1.3875\n",
      "x2   -23.7000\n",
      "x3   -46.8750\n",
      "x4 -8329.2500\n",
      "x5     3.1875\n",
      "help2               x1            x2             x3            x4            x5\n",
      "x1      1.925156      32.88375      65.039063  1.155683e+04     -4.422656\n",
      "x2     32.883750     561.69000    1110.937500  1.974032e+05    -75.543750\n",
      "x3     65.039063    1110.93750    2197.265625  3.904336e+05   -149.414062\n",
      "x4  11556.834375  197403.22500  390433.593750  6.937641e+07 -26549.484375\n",
      "x5     -4.422656     -75.54375    -149.414062 -2.654948e+04     10.160156\n",
      "help1           22\n",
      "x1   -1.2875\n",
      "x2   22.3000\n",
      "x3   80.1250\n",
      "x4  108.7500\n",
      "x5   12.3875\n",
      "help2             x1          x2           x3            x4           x5\n",
      "x1    1.657656   -28.71125  -103.160937   -140.015625   -15.948906\n",
      "x2  -28.711250   497.29000  1786.787500   2425.125000   276.241250\n",
      "x3 -103.160937  1786.78750  6420.015625   8713.593750   992.548438\n",
      "x4 -140.015625  2425.12500  8713.593750  11826.562500  1347.140625\n",
      "x5  -15.948906   276.24125   992.548438   1347.140625   153.450156\n",
      "help1             25\n",
      "x1      0.6125\n",
      "x2     11.8000\n",
      "x3     -8.8750\n",
      "x4  18516.7500\n",
      "x5     -2.2125\n",
      "help2               x1           x2             x3            x4            x5\n",
      "x1      0.375156       7.2275      -5.435937  1.134151e+04     -1.355156\n",
      "x2      7.227500     139.2400    -104.725000  2.184977e+05    -26.107500\n",
      "x3     -5.435937    -104.7250      78.765625 -1.643362e+05     19.635938\n",
      "x4  11341.509375  218497.6500 -164336.156250  3.428700e+08 -40968.309375\n",
      "x5     -1.355156     -26.1075      19.635938 -4.096831e+04      4.895156\n",
      "help1             29\n",
      "x1      1.5125\n",
      "x2    -17.2000\n",
      "x3    -22.8750\n",
      "x4 -11455.2500\n",
      "x5     -4.7125\n",
      "help2               x1          x2             x3            x4            x5\n",
      "x1      2.287656     -26.015     -34.598437 -1.732607e+04     -7.127656\n",
      "x2    -26.015000     295.840     393.450000  1.970303e+05     81.055000\n",
      "x3    -34.598437     393.450     523.265625  2.620388e+05    107.798438\n",
      "x4 -17326.065625  197030.300  262038.843750  1.312228e+08  53982.865625\n",
      "x5     -7.127656      81.055     107.798438  5.398287e+04     22.207656\n",
      "help1            31\n",
      "x1    -0.5875\n",
      "x2    -3.3000\n",
      "x3   -11.8750\n",
      "x4  4158.7500\n",
      "x5     2.8875\n",
      "help2              x1           x2            x3            x4            x5\n",
      "x1     0.345156      1.93875      6.976563 -2.443266e+03     -1.696406\n",
      "x2     1.938750     10.89000     39.187500 -1.372387e+04     -9.528750\n",
      "x3     6.976563     39.18750    141.015625 -4.938516e+04    -34.289062\n",
      "x4 -2443.265625 -13723.87500 -49385.156250  1.729520e+07  12008.390625\n",
      "x5    -1.696406     -9.52875    -34.289062  1.200839e+04      8.337656\n",
      "help1           35\n",
      "x1    1.3125\n",
      "x2   12.3000\n",
      "x3  -53.8750\n",
      "x4  545.7500\n",
      "x5   -3.7125\n",
      "help2             x1          x2            x3             x4           x5\n",
      "x1    1.722656    16.14375    -70.710938     716.296875    -4.872656\n",
      "x2   16.143750   151.29000   -662.662500    6712.725000   -45.663750\n",
      "x3  -70.710938  -662.66250   2902.515625  -29402.281250   200.010938\n",
      "x4  716.296875  6712.72500 -29402.281250  297843.062500 -2026.096875\n",
      "x5   -4.872656   -45.66375    200.010938   -2026.096875    13.782656\n",
      "[[ 9.04875000e+00 -1.91400000e+01 -1.85912500e+02 -7.10187500e+03\n",
      "  -3.54587500e+01]\n",
      " [-1.91400000e+01  2.38066000e+03  3.70830000e+03  9.64296200e+05\n",
      "   2.31860000e+02]\n",
      " [-1.85912500e+02  3.70830000e+03  1.63748750e+04  8.97091250e+05\n",
      "   9.23312500e+02]\n",
      " [-7.10187500e+03  9.64296200e+05  8.97091250e+05  7.39021266e+08\n",
      "   2.27836750e+04]\n",
      " [-3.54587500e+01  2.31860000e+02  9.23312500e+02  2.27836750e+04\n",
      "   2.44168750e+02]]\n",
      "      x1     x2    x3       x4      x5\n",
      "5   0.75  -7.05  36.0  -1355.5  0.6125\n",
      "9   1.25   4.75 -59.0  12097.5 -4.4875\n",
      "12 -0.55  10.05  51.0  -3204.5 -4.6875\n",
      "15 -0.55 -17.35 -31.0    520.5  1.1125\n",
      "20 -1.15   2.75   1.0   -916.5 -0.3875\n",
      "24  1.05  -6.15  70.0  -5990.5  6.3125\n",
      "26 -0.55  17.85 -61.0    916.5  2.9125\n",
      "34 -0.25  -4.85  -7.0  -2067.5 -1.3875\n",
      "[[0. 0. 0. 0. 0.]\n",
      " [0. 0. 0. 0. 0.]\n",
      " [0. 0. 0. 0. 0.]\n",
      " [0. 0. 0. 0. 0.]\n",
      " [0. 0. 0. 0. 0.]]\n",
      "help1             5\n",
      "x1     0.7500\n",
      "x2    -7.0500\n",
      "x3    36.0000\n",
      "x4 -1355.5000\n",
      "x5     0.6125\n",
      "help2              x1           x2        x3            x4          x5\n",
      "x1     0.562500    -5.287500     27.00 -1.016625e+03    0.459375\n",
      "x2    -5.287500    49.702500   -253.80  9.556275e+03   -4.318125\n",
      "x3    27.000000  -253.800000   1296.00 -4.879800e+04   22.050000\n",
      "x4 -1016.625000  9556.275000 -48798.00  1.837380e+06 -830.243750\n",
      "x5     0.459375    -4.318125     22.05 -8.302437e+02    0.375156\n",
      "help1              9\n",
      "x1      1.2500\n",
      "x2      4.7500\n",
      "x3    -59.0000\n",
      "x4  12097.5000\n",
      "x5     -4.4875\n",
      "help2               x1            x2           x3            x4            x5\n",
      "x1      1.562500      5.937500     -73.7500  1.512188e+04     -5.609375\n",
      "x2      5.937500     22.562500    -280.2500  5.746312e+04    -21.315625\n",
      "x3    -73.750000   -280.250000    3481.0000 -7.137525e+05    264.762500\n",
      "x4  15121.875000  57463.125000 -713752.5000  1.463495e+08 -54287.531250\n",
      "x5     -5.609375    -21.315625     264.7625 -5.428753e+04     20.137656\n",
      "help1            12\n",
      "x1    -0.5500\n",
      "x2    10.0500\n",
      "x3    51.0000\n",
      "x4 -3204.5000\n",
      "x5    -4.6875\n",
      "help2              x1            x2           x3            x4            x5\n",
      "x1     0.302500     -5.527500     -28.0500  1.762475e+03      2.578125\n",
      "x2    -5.527500    101.002500     512.5500 -3.220522e+04    -47.109375\n",
      "x3   -28.050000    512.550000    2601.0000 -1.634295e+05   -239.062500\n",
      "x4  1762.475000 -32205.225000 -163429.5000  1.026882e+07  15021.093750\n",
      "x5     2.578125    -47.109375    -239.0625  1.502109e+04     21.972656\n",
      "help1           15\n",
      "x1   -0.5500\n",
      "x2  -17.3500\n",
      "x3  -31.0000\n",
      "x4  520.5000\n",
      "x5    1.1125\n",
      "help2             x1           x2          x3            x4          x5\n",
      "x1    0.302500     9.542500     17.0500    -286.27500   -0.611875\n",
      "x2    9.542500   301.022500    537.8500   -9030.67500  -19.301875\n",
      "x3   17.050000   537.850000    961.0000  -16135.50000  -34.487500\n",
      "x4 -286.275000 -9030.675000 -16135.5000  270920.25000  579.056250\n",
      "x5   -0.611875   -19.301875    -34.4875     579.05625    1.237656\n",
      "help1           20\n",
      "x1   -1.1500\n",
      "x2    2.7500\n",
      "x3    1.0000\n",
      "x4 -916.5000\n",
      "x5   -0.3875\n",
      "help2              x1           x2        x3            x4          x5\n",
      "x1     1.322500    -3.162500   -1.1500    1053.97500    0.445625\n",
      "x2    -3.162500     7.562500    2.7500   -2520.37500   -1.065625\n",
      "x3    -1.150000     2.750000    1.0000    -916.50000   -0.387500\n",
      "x4  1053.975000 -2520.375000 -916.5000  839972.25000  355.143750\n",
      "x5     0.445625    -1.065625   -0.3875     355.14375    0.150156\n",
      "help1            24\n",
      "x1     1.0500\n",
      "x2    -6.1500\n",
      "x3    70.0000\n",
      "x4 -5990.5000\n",
      "x5     6.3125\n",
      "help2              x1            x2          x3            x4            x5\n",
      "x1     1.102500     -6.457500      73.500 -6.290025e+03      6.628125\n",
      "x2    -6.457500     37.822500    -430.500  3.684158e+04    -38.821875\n",
      "x3    73.500000   -430.500000    4900.000 -4.193350e+05    441.875000\n",
      "x4 -6290.025000  36841.575000 -419335.000  3.588609e+07 -37815.031250\n",
      "x5     6.628125    -38.821875     441.875 -3.781503e+04     39.847656\n",
      "help1           26\n",
      "x1   -0.5500\n",
      "x2   17.8500\n",
      "x3  -61.0000\n",
      "x4  916.5000\n",
      "x5    2.9125\n",
      "help2             x1            x2          x3            x4           x5\n",
      "x1    0.302500     -9.817500     33.5500    -504.07500    -1.601875\n",
      "x2   -9.817500    318.622500  -1088.8500   16359.52500    51.988125\n",
      "x3   33.550000  -1088.850000   3721.0000  -55906.50000  -177.662500\n",
      "x4 -504.075000  16359.525000 -55906.5000  839972.25000  2669.306250\n",
      "x5   -1.601875     51.988125   -177.6625    2669.30625     8.482656\n",
      "help1            34\n",
      "x1    -0.2500\n",
      "x2    -4.8500\n",
      "x3    -7.0000\n",
      "x4 -2067.5000\n",
      "x5    -1.3875\n",
      "help2             x1            x2          x3            x4           x5\n",
      "x1    0.062500      1.212500      1.7500  5.168750e+02     0.346875\n",
      "x2    1.212500     23.522500     33.9500  1.002738e+04     6.729375\n",
      "x3    1.750000     33.950000     49.0000  1.447250e+04     9.712500\n",
      "x4  516.875000  10027.375000  14472.5000  4.274556e+06  2868.656250\n",
      "x5    0.346875      6.729375      9.7125  2.868656e+03     1.925156\n",
      "[[ 5.52000000e+00 -1.35600000e+01  4.99000000e+01  1.03582000e+04\n",
      "   2.63500000e+00]\n",
      " [-1.35600000e+01  8.61820000e+02 -9.66300000e+02  8.64916000e+04\n",
      "  -7.32150000e+01]\n",
      " [ 4.99000000e+01 -9.66300000e+02  1.70100000e+04 -1.40380100e+06\n",
      "   2.86800000e+02]\n",
      " [ 1.03582000e+04  8.64916000e+04 -1.40380100e+06  2.00567218e+08\n",
      "  -7.14395500e+04]\n",
      " [ 2.63500000e+00 -7.32150000e+01  2.86800000e+02 -7.14395500e+04\n",
      "   9.41287500e+01]]\n",
      "     x1    x2     x3       x4    x5\n",
      "42 -0.1  9.45 -377.5  41894.5 -34.3\n",
      "44  0.1 -9.45  377.5 -41894.5  34.3\n",
      "[[0. 0. 0. 0. 0.]\n",
      " [0. 0. 0. 0. 0.]\n",
      " [0. 0. 0. 0. 0.]\n",
      " [0. 0. 0. 0. 0.]\n",
      " [0. 0. 0. 0. 0.]]\n",
      "help1           42\n",
      "x1     -0.10\n",
      "x2      9.45\n",
      "x3   -377.50\n",
      "x4  41894.50\n",
      "x5    -34.30\n",
      "help2           x1           x2            x3            x4           x5\n",
      "x1     0.010      -0.9450  3.775000e+01 -4.189450e+03        3.430\n",
      "x2    -0.945      89.3025 -3.567375e+03  3.959030e+05     -324.135\n",
      "x3    37.750   -3567.3750  1.425062e+05 -1.581517e+07    12948.250\n",
      "x4 -4189.450  395903.0250 -1.581517e+07  1.755149e+09 -1436981.350\n",
      "x5     3.430    -324.1350  1.294825e+04 -1.436981e+06     1176.490\n",
      "help1           44\n",
      "x1      0.10\n",
      "x2     -9.45\n",
      "x3    377.50\n",
      "x4 -41894.50\n",
      "x5     34.30\n",
      "help2           x1           x2            x3            x4           x5\n",
      "x1     0.010      -0.9450  3.775000e+01 -4.189450e+03        3.430\n",
      "x2    -0.945      89.3025 -3.567375e+03  3.959030e+05     -324.135\n",
      "x3    37.750   -3567.3750  1.425062e+05 -1.581517e+07    12948.250\n",
      "x4 -4189.450  395903.0250 -1.581517e+07  1.755149e+09 -1436981.350\n",
      "x5     3.430    -324.1350  1.294825e+04 -1.436981e+06     1176.490\n",
      "[[ 2.00000000e-02 -1.89000000e+00  7.55000000e+01 -8.37890000e+03\n",
      "   6.86000000e+00]\n",
      " [-1.89000000e+00  1.78605000e+02 -7.13475000e+03  7.91806050e+05\n",
      "  -6.48270000e+02]\n",
      " [ 7.55000000e+01 -7.13475000e+03  2.85012500e+05 -3.16303475e+07\n",
      "   2.58965000e+04]\n",
      " [-8.37890000e+03  7.91806050e+05 -3.16303475e+07  3.51029826e+09\n",
      "  -2.87396270e+06]\n",
      " [ 6.86000000e+00 -6.48270000e+02  2.58965000e+04 -2.87396270e+06\n",
      "   2.35298000e+03]]\n"
     ]
    },
    {
     "data": {
      "text/plain": [
